(2, 159)(1421, 648)(8, 834)(17, 8)
(0, 640)(1339, 640)(1135, 1424)(455, 1)
(116, 1416)(936, 1416)(136, 1421)(456, 1)
(3, 124)(1351, 119)(1167, 1458)(632, 116)
(3, 868)(1080, 495)(541, 928)(1072, 4)
(2, 7)(1817, 7)(1816, 1264)(2, 7)
(1, 576)(1446, 301)(7, 1313)(616, 1)
(8, 11)(1207, 12)(8, 767)(9, 8)
(8, 953)(703, 127)(697, 1279)(28, 111)
(1, 127)(1623, 841)(957, 1201)(471, 117)
(2, 1176)(1483, 975)(1473, 1408)(8, 5)
(120, 792)(687, 687)(127, 1063)(128, 8)
(0, 341)(1386, 341)(1103, 729)(344, 5)
(8, 293)(1431, 968)(829, 1315)(829, 0)
(1, 1119)(1965, 616)(15, 1547)(15, 0)
(6, 1436)(1368, 0)(1368, 1443)(1368, 0)
(109, 486)(930, 7)(477, 1168)(469, 7)
(2, 7)(1097, 1457)(7, 1967)(2, 7)
(2, 7)(963, 7)(957, 1563)(2, 7)
(0, 498)(1386, 498)(344, 834)(1103, 111)
(3, 508)(1168, 484)(7, 1143)(952, 3)
(5, 159)(831, 1121)(804, 1417)(472, 2)
(8, 608)(1537, 623)(619, 1224)(15, 120)
(8, 8)(988, 350)(16, 878)(8, 8)
(0, 341)(1386, 341)(9, 719)(344, 5)
(1, 1399)(1120, 762)(600, 1718)(600, 0)
(8, 7)(1408, 961)(440, 1480)(520, 3)
(1, 336)(992, 9)(15, 1539)(743, 7)
(112, 969)(823, 688)(254, 1375)(481, 8)
(2, 511)(2296, 417)(2040, 2187)(2040, 1)
(4, 1416)(825, 767)(32, 1418)(200, 2)
(116, 424)(942, 773)(127, 1179)(127, 0)
(0, 341)(1386, 341)(968, 728)(344, 5)
(2, 791)(2194, 1120)(631, 1687)(631, 0)
(1, 1528)(1250, 880)(7, 1532)(416, 118)
(117, 11)(1171, 855)(808, 1169)(813, 6)
(8, 15)(1191, 1230)(816, 1231)(254, 8)
(111, 699)(1108, 1127)(117, 2113)(117, 0)
(119, 1347)(1468, 183)(119, 1353)(752, 1)
(8, 1096)(895, 1096)(24, 1103)(536, 108)
(0, 488)(997, 488)(984, 1128)(2, 7)
(2, 2424)(1121, 2429)(1121, 2429)(1112, 4)
(6, 928)(1168, 464)(6, 928)(952, 107)
(8, 15)(1063, 305)(800, 877)(376, 8)
(7, 492)(1287, 15)(719, 1530)(719, 0)
(1, 1440)(1014, 512)(1008, 1452)(1008, 0)
(111, 969)(823, 359)(122, 1375)(121, 8)
(2, 791)(2192, 785)(631, 1687)(631, 0)
(110, 16)(1111, 272)(1102, 895)(119, 2)
(8, 8)(1255, 8)(456, 929)(8, 8)
(0, 904)(1613, 904)(8, 1895)(2, 7)
(8, 456)(703, 127)(697, 1279)(473, 111)
(5, 287)(1999, 423)(671, 2259)(671, 0)
(115, 440)(1261, 992)(443, 1176)(433, 7)
(2, 2424)(1121, 401)(1121, 2429)(1112, 4)
(118, 470)(1194, 951)(1192, 1631)(711, 8)
(111, 480)(839, 8)(567, 1031)(816, 8)
(8, 983)(1191, 8)(9, 1231)(953, 8)
(2, 7)(1447, 1016)(1440, 1020)(1440, 0)
(1, 127)(1627, 375)(956, 1201)(471, 117)
(9, 752)(1375, 394)(512, 768)(1007, 8)
(0, 824)(1179, 824)(1168, 830)(952, 3)
(0, 498)(1386, 498)(280, 834)(9, 120)
(4, 1813)(1114, 1341)(633, 2360)(1096, 5)
(1, 1440)(1525, 1440)(520, 1452)(520, 0)
(0, 1128)(997, 1128)(0, 1128)(8, 5)
(0, 5)(947, 5)(749, 1423)(824, 2)
(2, 7)(1082, 840)(1080, 1273)(1064, 1)
(113, 1713)(1226, 1392)(117, 1718)(117, 0)
(0, 958)(1200, 958)(39, 1634)(39, 0)
(8, 15)(943, 15)(936, 847)(287, 8)
(8, 20)(952, 40)(10, 985)(11, 8)
(2, 896)(2192, 119)(434, 1686)(2192, 119)
(0, 550)(1042, 550)(642, 836)(292, 111)
(5, 400)(832, 11)(824, 1177)(504, 4)
(2, 7)(1864, 11)(1152, 1530)(1152, 0)
(2, 1176)(1483, 975)(1473, 1408)(8, 5)
(1, 2648)(2098, 351)(1305, 2656)(526, 7)
(110, 1329)(1115, 471)(117, 2114)(117, 0)
(8, 423)(1687, 15)(673, 839)(1145, 8)
(6, 458)(1071, 13)(653, 933)(653, 0)
(112, 465)(1327, 1073)(1045, 1086)(1045, 0)
(0, 424)(913, 424)(9, 1295)(440, 111)
(4, 484)(1417, 8)(8, 826)(112, 3)
(4, 640)(1086, 125)(320, 1088)(215, 119)
(6, 454)(1304, 1354)(863, 1363)(863, 0)
(2, 7)(1082, 672)(1080, 1110)(552, 5)
(2, 631)(1569, 1792)(791, 2199)(791, 0)
(2, 119)(2192, 904)(927, 1679)(998, 118)
(111, 12)(1189, 502)(1189, 1110)(120, 5)
(3, 751)(1091, 672)(660, 1089)(17, 8)
(112, 1121)(936, 7)(144, 1417)(312, 2)
(2, 551)(1075, 6)(21, 1280)(21, 0)
(0, 640)(1339, 640)(1135, 1424)(1328, 1)
(8, 545)(983, 8)(363, 871)(599, 5)
(109, 1960)(1210, 1469)(119, 1974)(119, 0)
(2, 311)(1418, 144)(152, 941)(104, 117)
(2, 631)(1569, 1792)(791, 2197)(791, 0)
(7, 206)(790, 128)(11, 1362)(26, 107)
(1, 320)(1250, 1424)(607, 1424)(2, 7)
(3, 756)(2391, 759)(1681, 2367)(656, 111)
(115, 440)(1261, 992)(443, 1176)(433, 7)
(12, 463)(1169, 930)(1169, 930)(951, 107)
(2, 127)(2054, 894)(471, 1686)(784, 119)
(3, 1923)(951, 687)(7, 2431)(946, 687)
(2, 7)(1799, 1207)(1095, 1615)(2, 7)
(111, 1425)(1484, 549)(545, 1432)(1472, 4)
(112, 607)(954, 15)(112, 607)(121, 8)
(111, 1344)(1456, 641)(117, 1359)(117, 0)
(109, 400)(936, 1161)(470, 1170)(479, 6)
(4, 1813)(1114, 1341)(633, 2360)(1096, 5)
(6, 832)(1312, 616)(1304, 1447)(1304, 0)
(1, 15)(1432, 937)(1425, 1376)(642, 7)
(2, 7)(1352, 183)(193, 1352)(2, 7)
(7, 170)(1082, 1096)(1072, 1108)(1072, 4)
(7, 279)(719, 13)(360, 1373)(353, 8)
(112, 969)(832, 440)(122, 1375)(121, 8)
(8, 1224)(1191, 8)(9, 1231)(953, 8)
(8, 544)(840, 1023)(839, 1023)(400, 10)
(0, 336)(1294, 336)(368, 1160)(496, 1)
(2, 7)(1145, 687)(328, 1176)(640, 4)
(2, 119)(2184, 904)(927, 1679)(998, 118)
(119, 544)(1189, 670)(135, 1280)(135, 0)
(5, 967)(1082, 840)(1072, 1277)(1064, 1)
(111, 128)(591, 8)(360, 1183)(120, 8)
(0, 298)(855, 298)(9, 936)(281, 8)
(2, 159)(1421, 648)(949, 832)(17, 8)
(2, 791)(2188, 1568)(631, 1687)(631, 0)
(0, 457)(991, 457)(544, 1071)(536, 120)
(8, 1000)(768, 647)(400, 1373)(753, 8)
(2, 7)(1439, 7)(711, 1379)(1432, 1)
(2, 7)(1082, 840)(1072, 1277)(1064, 1)
(1, 951)(1267, 7)(7, 1823)(1259, 7)
(2, 7)(1439, 7)(711, 1379)(1432, 1)
(2, 7)(1016, 942)(520, 1826)(520, 0)
(3, 500)(1080, 609)(545, 928)(1072, 4)
(8, 15)(1175, 607)(1168, 607)(334, 8)
(0, 690)(1320, 690)(1304, 1015)(255, 8)
(9, 640)(1108, 1184)(1104, 1188)(15, 120)
(0, 16)(1115, 16)(8, 881)(328, 10)
(2, 7)(1075, 550)(1072, 1277)(1064, 1)
(2, 7)(1265, 944)(12, 1825)(616, 1)
(8, 888)(931, 673)(8, 1262)(9, 9)
(109, 921)(591, 8)(127, 1183)(120, 8)
(2, 7)(1823, 7)(943, 1013)(2, 7)
(1, 576)(1446, 301)(599, 1313)(616, 1)
(109, 1720)(1231, 778)(117, 1734)(117, 0)
(6, 116)(1248, 887)(1232, 1207)(6, 116)
(117, 1926)(1686, 631)(896, 2199)(896, 0)
(7, 123)(1466, 760)(744, 1721)(495, 115)
(8, 17)(1696, 442)(9, 839)(1023, 7)
(6, 458)(1074, 920)(733, 1047)(733, 0)
(1, 1440)(1016, 942)(520, 1452)(520, 0)
(5, 119)(2196, 896)(431, 1679)(5, 119)
(6, 980)(1329, 1536)(1329, 1536)(742, 120)
(0, 912)(1000, 912)(992, 1737)(80, 4)
(7, 1600)(1114, 768)(608, 1604)(608, 4)
(111, 969)(831, 277)(122, 1375)(121, 8)
(8, 298)(730, 416)(380, 1041)(12, 8)
(1, 2928)(1744, 1470)(1736, 2940)(1736, 0)
(119, 544)(1189, 670)(135, 1280)(135, 0)
(6, 1177)(1843, 7)(905, 2800)(514, 7)
(2, 967)(1114, 6)(602, 1538)(1112, 4)
(6, 813)(1160, 834)(878, 1175)(7, 120)
(6, 1532)(1114, 6)(602, 1538)(1112, 4)
(8, 15)(1190, 1015)(816, 1015)(254, 8)
(117, 7)(946, 5)(201, 1422)(120, 2)
(0, 1240)(1182, 1240)(1169, 1248)(8, 117)
(2, 311)(1417, 144)(5, 936)(104, 117)
(4, 653)(951, 653)(936, 999)(937, 8)
(8, 1000)(944, 647)(568, 1375)(573, 8)
(7, 730)(784, 1224)(14, 1224)(433, 8)
(2, 967)(1114, 6)(808, 1534)(1112, 4)
(8, 359)(1375, 352)(481, 719)(223, 336)
(109, 192)(1448, 639)(117, 1359)(117, 0)
(2, 7)(1177, 328)(632, 1145)(1168, 1)
(4, 1813)(1114, 1341)(633, 2360)(1096, 5)
(112, 736)(1496, 8)(802, 1872)(114, 7)
(0, 1240)(997, 1240)(0, 1240)(8, 117)
(2, 7)(1268, 880)(521, 1824)(1256, 4)
(5, 119)(2231, 119)(599, 1683)(1024, 114)
(4, 1592)(1331, 624)(7, 2048)(819, 7)
(8, 15)(943, 15)(287, 847)(936, 8)
(3, 508)(1174, 1144)(455, 1148)(952, 3)
(6, 2020)(1400, 759)(1399, 2368)(8, 117)
(5, 159)(831, 1121)(804, 1417)(472, 2)
(120, 15)(832, 1024)(121, 1375)(120, 15)
(1, 1216)(1524, 1224)(1524, 1224)(912, 111)
(2, 631)(1568, 7)(791, 2199)(791, 0)
(1, 1632)(1576, 1995)(791, 2234)(791, 0)
(112, 1121)(936, 7)(144, 1417)(312, 2)
(6, 1308)(1025, 1303)(829, 1315)(829, 0)
(6, 2020)(1400, 759)(1393, 2370)(8, 117)
(0, 336)(1009, 336)(997, 1486)(496, 1)
(7, 440)(728, 1102)(717, 1375)(353, 8)
(111, 969)(823, 359)(122, 1375)(121, 8)
(2, 600)(1419, 456)(23, 935)(8, 118)
(5, 159)(831, 1121)(804, 1417)(472, 2)
(8, 8)(869, 377)(345, 989)(345, 0)
(1, 920)(2007, 415)(1328, 1899)(1328, 4)
(0, 728)(2113, 728)(471, 1115)(1328, 110)
(168, 683)(879, 683)(168, 683)(472, 312)
(3, 484)(2215, 279)(885, 1920)(885, 0)
(8, 15)(717, 813)(28, 1176)(697, 8)
(2, 7)(1370, 936)(1368, 1443)(1368, 0)
(113, 1713)(1226, 1448)(117, 1718)(117, 0)
(9, 640)(1272, 127)(616, 999)(15, 120)
(8, 15)(1191, 976)(816, 1231)(254, 8)
(2, 159)(1417, 801)(1121, 831)(1408, 6)
(8, 936)(832, 958)(680, 1422)(592, 2)
(1, 1072)(1280, 1073)(7, 1076)(2, 7)
(2, 600)(1419, 456)(958, 945)(6, 117)
(0, 336)(1005, 336)(497, 1136)(2, 7)
(2, 159)(1417, 801)(1121, 831)(5, 7)
(1, 127)(1170, 119)(855, 941)(424, 119)
(7, 886)(1408, 464)(15, 933)(15, 0)
(2, 791)(2189, 1574)(631, 1687)(631, 0)
(0, 690)(1058, 690)(560, 1039)(255, 8)
(2, 791)(2194, 1120)(631, 1687)(631, 0)
(6, 2956)(1587, 7)(1578, 2962)(1579, 7)
(4, 1813)(1114, 1341)(633, 2360)(1096, 5)
(111, 590)(1039, 18)(694, 1269)(1039, 18)
(2, 7)(1145, 687)(328, 1176)(640, 4)
(0, 1215)(1420, 1215)(8, 3072)(8, 0)
(9, 480)(1375, 122)(440, 832)(968, 111)
(1, 1072)(1280, 1073)(7, 1076)(2, 7)
(9, 480)(1375, 122)(353, 816)(1103, 111)
(2, 7)(1376, 705)(6, 1437)(616, 1)
(111, 1328)(1007, 873)(113, 1729)(704, 4)
(119, 440)(1260, 632)(127, 1179)(127, 0)
(5, 735)(784, 1224)(13, 1228)(13, 0)
(6, 832)(1312, 616)(1304, 1447)(1304, 0)
(0, 752)(1340, 752)(1328, 1534)(977, 112)
(112, 969)(823, 1008)(128, 1373)(481, 8)
(119, 544)(1189, 670)(135, 1280)(135, 0)
(8, 936)(999, 946)(21, 951)(128, 3)
(1, 1440)(1525, 1440)(1005, 1452)(1005, 0)
(120, 13)(1224, 617)(611, 1528)(1216, 1)
(2, 311)(1418, 144)(152, 941)(104, 117)
(7, 440)(727, 969)(352, 1375)(357, 8)
(4, 48)(1416, 575)(1120, 832)(7, 5)
(4, 160)(1417, 800)(948, 832)(159, 7)
(6, 1063)(887, 25)(6, 1063)(8, 8)
(3, 948)(1016, 1816)(1008, 1826)(1008, 0)
(3, 12)(1079, 13)(240, 968)(872, 1)
(2, 7)(1376, 705)(6, 1437)(616, 1)
(0, 2104)(1111, 2104)(0, 2104)(992, 1)
(118, 1203)(1687, 1761)(896, 2197)(896, 0)
(2, 7)(1576, 2657)(788, 2665)(2, 7)
(8, 399)(1001, 8)(880, 953)(655, 5)
(111, 128)(591, 8)(127, 1183)(120, 8)
(2, 824)(1168, 484)(440, 1147)(952, 3)
(2, 7)(1439, 7)(1433, 1376)(1432, 1)
(3, 923)(1069, 928)(563, 928)(1067, 7)
(2, 631)(1572, 2184)(791, 2197)(791, 0)
(2, 127)(1176, 126)(496, 1260)(455, 117)
(8, 15)(1020, 509)(8, 527)(423, 13)
(1, 584)(1080, 590)(357, 1174)(224, 111)
(2, 600)(1423, 117)(23, 935)(960, 117)
(0, 557)(1386, 557)(645, 944)(1007, 8)
(0, 1260)(1547, 1260)(1529, 1968)(616, 1)
(7, 1470)(1405, 1481)(967, 1485)(967, 0)
(1, 920)(2007, 415)(1328, 1899)(1328, 4)
(8, 714)(1375, 718)(968, 728)(344, 5)
(3, 484)(2215, 279)(885, 1920)(885, 0)
(111, 337)(1295, 897)(122, 903)(1294, 8)
(7, 730)(792, 445)(14, 1224)(433, 8)
(2, 159)(1418, 823)(1120, 832)(1124, 6)
(5, 440)(839, 12)(503, 1177)(823, 1)
(5, 923)(1071, 456)(653, 935)(653, 0)
(7, 10)(827, 631)(477, 1168)(464, 6)
(8, 127)(1374, 120)(1000, 871)(513, 112)
(2, 7)(1823, 7)(1816, 1264)(2, 7)
(9, 359)(1375, 713)(15, 719)(455, 336)
(8, 1008)(1191, 679)(377, 1015)(957, 8)
(1, 15)(1369, 15)(1362, 973)(840, 1)
(8, 9)(760, 937)(8, 1206)(9, 8)
(2, 791)(1999, 791)(1200, 1571)(1640, 7)
(112, 736)(1505, 1864)(815, 1874)(114, 7)
(3, 1163)(827, 896)(456, 1171)(8, 4)
(6, 1436)(1368, 0)(1368, 1443)(1368, 0)
(110, 357)(930, 7)(463, 1166)(930, 7)
(0, 640)(1124, 640)(600, 1715)(600, 1)
(0, 341)(1386, 341)(9, 719)(344, 5)
(7, 152)(833, 951)(638, 1417)(472, 2)
(3, 508)(1173, 1144)(7, 1144)(952, 3)
(7, 798)(1377, 1429)(941, 1436)(941, 0)
(0, 336)(1005, 336)(497, 1136)(2, 7)
(116, 2056)(1680, 952)(896, 2065)(896, 0)
(9, 23)(831, 947)(727, 1421)(109, 2)
(110, 191)(1161, 7)(927, 1167)(1161, 7)
(2, 7)(1298, 583)(7, 1355)(2, 7)
(3, 1555)(1999, 423)(671, 1901)(671, 0)
(17, 352)(719, 13)(360, 1373)(353, 8)
(6, 1194)(1805, 798)(13, 1624)(13, 0)
(112, 969)(823, 1008)(128, 1373)(481, 8)
(120, 15)(1047, 282)(121, 1375)(120, 15)
(2, 7)(1427, 352)(984, 1363)(984, 0)
(5, 269)(1144, 7)(502, 1168)(498, 7)
(2, 159)(1421, 648)(949, 832)(17, 8)
(8, 15)(1127, 421)(623, 1007)(623, 8)
(2, 7)(1351, 911)(6, 1349)(2, 7)
(118, 1203)(1687, 1761)(896, 2197)(896, 0)
(7, 384)(730, 615)(359, 1375)(352, 8)
(0, 1240)(997, 1240)(0, 1240)(8, 117)
(3, 1163)(827, 728)(465, 1169)(8, 4)
(119, 1201)(1686, 631)(896, 2196)(896, 0)
(119, 459)(1200, 953)(375, 1628)(1160, 1)
(2, 7)(1374, 736)(1368, 1443)(1368, 0)
(6, 1091)(1380, 1728)(941, 1737)(941, 0)
(2, 7)(1011, 888)(1008, 1826)(1008, 0)
(134, 10)(1223, 968)(1219, 1520)(134, 10)
(2, 7)(1097, 1080)(7, 1080)(2, 7)
(7, 886)(1408, 922)(15, 933)(15, 0)
(7, 1121)(998, 765)(992, 1131)(22, 8)
(2, 7)(1135, 7)(647, 1622)(647, 0)
(117, 1926)(1686, 631)(896, 2197)(896, 0)
(8, 272)(767, 298)(415, 1218)(766, 23)
(6, 472)(1169, 930)(1169, 930)(951, 107)
(3, 1560)(1720, 1393)(560, 2676)(1568, 7)
(6, 529)(1412, 1481)(975, 1485)(975, 0)
(1, 608)(1082, 1096)(1072, 1109)(1072, 0)
(119, 1999)(1679, 271)(896, 2002)(896, 0)
(3, 1347)(1351, 7)(725, 1352)(616, 1)
(8, 15)(1191, 1230)(816, 1231)(254, 8)
(9, 480)(1375, 122)(440, 832)(968, 111)
(4, 640)(1082, 818)(735, 1096)(583, 117)
(109, 1960)(1210, 1469)(119, 1974)(119, 0)
(2, 1248)(780, 23)(2, 1248)(31, 6)
(6, 849)(1542, 1960)(1536, 1969)(1536, 0)
(4, 704)(1419, 456)(481, 944)(8, 118)
(110, 905)(1295, 897)(110, 905)(121, 8)
(120, 8)(778, 5)(127, 1183)(608, 5)
(0, 968)(991, 968)(454, 1083)(454, 0)
(2, 7)(1968, 1529)(848, 1536)(2, 7)
(5, 159)(831, 1121)(804, 1417)(472, 2)
(120, 13)(591, 8)(127, 1183)(360, 8)
(120, 8)(832, 223)(127, 1375)(120, 8)
(1, 951)(1265, 951)(655, 1826)(655, 0)
(9, 480)(1375, 122)(440, 832)(968, 111)
(112, 7)(938, 1417)(135, 1421)(304, 2)
(109, 1960)(1208, 886)(119, 1974)(119, 0)
(7, 1192)(912, 879)(7, 1192)(903, 13)
(112, 966)(990, 685)(121, 1063)(128, 8)
(110, 847)(711, 426)(709, 1183)(121, 8)
(7, 1303)(1361, 863)(7, 1303)(8, 5)
(1, 119)(1080, 1209)(488, 1216)(22, 8)
(2, 7)(1810, 951)(991, 2577)(528, 4)
(2, 7)(1314, 423)(1267, 1446)(1304, 1)
(1, 15)(1732, 391)(7, 1372)(551, 7)
(0, 415)(886, 415)(544, 983)(351, 4)
(115, 949)(935, 943)(280, 1421)(456, 1)
(2, 7)(1374, 736)(1368, 1443)(1368, 0)
(5, 11)(1169, 466)(960, 830)(7, 7)
(3, 56)(1480, 961)(1472, 1405)(8, 2)
(111, 270)(1059, 690)(490, 1039)(1047, 8)
(6, 1697)(1753, 761)(15, 1702)(957, 118)
(7, 775)(1412, 1481)(975, 1485)(975, 0)
(592, 727)(2111, 119)(1135, 1110)(696, 110)
(8, 9)(887, 23)(358, 999)(13, 8)
(8, 127)(1374, 120)(1000, 1046)(513, 112)
(0, 760)(1179, 760)(840, 1260)(440, 119)
(9, 640)(1272, 127)(616, 999)(15, 120)
(5, 399)(1614, 672)(831, 1811)(831, 0)
(14, 1356)(1006, 1351)(997, 1363)(997, 0)
(7, 440)(727, 969)(352, 1375)(357, 8)
(120, 8)(591, 8)(127, 1183)(120, 8)
(111, 124)(1504, 1947)(1496, 2582)(234, 119)
(2, 7)(1313, 457)(298, 1443)(1304, 1)
(2, 959)(1080, 465)(225, 1632)(34, 7)
(4, 596)(1416, 118)(157, 936)(104, 115)
(8, 7)(1406, 479)(440, 1480)(520, 3)
(2, 791)(2189, 1574)(631, 1687)(631, 0)
(8, 742)(1184, 879)(1177, 1248)(495, 119)
(7, 115)(1065, 111)(335, 1729)(1065, 111)
(2, 791)(2232, 1569)(629, 1687)(629, 0)
(0, 504)(1528, 504)(527, 1448)(2, 7)
(16, 8)(839, 1145)(16, 1687)(16, 8)
(4, 1813)(1114, 1341)(633, 2360)(1096, 5)
(6, 1344)(778, 111)(7, 1349)(13, 111)
(2, 631)(1573, 2190)(791, 2197)(791, 0)
(109, 1072)(1388, 23)(119, 1086)(119, 0)
(16, 1008)(719, 13)(360, 1373)(353, 8)
(8, 15)(1191, 1230)(816, 1231)(254, 8)
(2, 752)(1400, 759)(1399, 2368)(8, 117)
(2, 7)(1812, 2032)(1808, 2037)(528, 4)
(2, 631)(1573, 2190)(791, 2197)(791, 0)
(3, 508)(1168, 484)(1168, 1149)(952, 3)
(8, 15)(1183, 8)(15, 903)(295, 8)
(119, 7)(938, 1408)(144, 1417)(312, 2)
(3, 444)(1167, 449)(912, 1261)(15, 119)
(111, 128)(591, 8)(127, 1183)(120, 8)
(4, 1355)(778, 463)(7, 1357)(69, 109)
(2, 7)(1526, 1440)(832, 1864)(616, 1)
(2, 471)(1000, 1328)(391, 2114)(391, 0)
(6, 471)(1077, 926)(13, 933)(13, 0)
(2, 7)(1075, 550)(1072, 1277)(1064, 1)
(1, 15)(994, 303)(7, 1131)(232, 7)
(3, 12)(840, 0)(840, 973)(840, 0)
(0, 336)(1005, 336)(983, 1144)(2, 7)
(8, 608)(1528, 414)(1219, 1226)(15, 120)
(6, 458)(1075, 7)(1069, 931)(427, 7)
(2, 791)(2056, 783)(967, 1687)(967, 0)
(8, 1176)(1190, 8)(9, 1183)(957, 8)
(8, 15)(1191, 976)(816, 1231)(254, 8)
(8, 1126)(791, 119)(15, 1333)(88, 110)
(2, 752)(1400, 753)(1399, 2368)(8, 117)
(2, 7)(1617, 393)(1199, 1807)(2, 7)
(0, 664)(1086, 664)(1072, 1280)(2, 7)
(2, 7)(1265, 944)(520, 1826)(520, 0)
(8, 1224)(1191, 8)(9, 1231)(953, 8)
(8, 15)(1191, 1230)(816, 1231)(254, 8)
(119, 544)(1189, 670)(135, 1280)(135, 0)
(111, 1996)(1686, 631)(896, 2234)(896, 0)
(5, 269)(1152, 832)(502, 1168)(498, 7)
(8, 15)(488, 128)(9, 1183)(8, 15)
(5, 1205)(1575, 1761)(784, 2197)(784, 0)
(8, 983)(1191, 8)(9, 1231)(953, 8)
(8, 607)(766, 391)(344, 1007)(525, 8)
(3, 1347)(1353, 1024)(7, 1352)(616, 1)
(0, 498)(1386, 498)(344, 834)(1103, 111)
(5, 119)(1273, 1192)(1273, 1192)(5, 119)
(9, 359)(1375, 713)(15, 719)(353, 23)
(5, 583)(1527, 7)(1009, 1864)(1520, 1)
(2, 7)(1039, 1259)(768, 1374)(768, 0)
(8, 120)(779, 768)(769, 1360)(21, 110)
(2, 7)(1368, 503)(6, 1437)(2, 7)
(8, 15)(1007, 15)(590, 983)(391, 8)
(112, 1121)(936, 7)(144, 1417)(312, 2)
(2, 159)(1417, 801)(1121, 831)(5, 7)
(3, 1347)(1352, 1025)(7, 1352)(616, 1)
(8, 426)(945, 767)(231, 767)(592, 11)
(2, 7)(1083, 7)(464, 1217)(2, 7)
(2, 7)(1177, 328)(632, 1145)(1168, 4)
(111, 128)(601, 1023)(127, 1183)(120, 8)
(8, 15)(1184, 1182)(1184, 1183)(254, 8)
(0, 433)(1069, 433)(688, 887)(319, 8)
(0, 336)(1305, 336)(1168, 1137)(1168, 0)
(8, 1224)(1191, 8)(9, 1231)(953, 8)
(8, 7)(1408, 961)(440, 1480)(520, 3)
(1, 15)(1088, 961)(240, 971)(840, 1)
(6, 159)(833, 951)(804, 1417)(472, 2)
(5, 11)(1169, 466)(399, 936)(399, 0)
(6, 1436)(1368, 0)(1368, 1443)(1368, 0)
(1, 648)(1343, 119)(673, 1536)(977, 112)
(6, 1220)(1529, 111)(568, 1224)(612, 111)
(2, 119)(2192, 904)(927, 1679)(998, 118)
(121, 8)(954, 15)(121, 471)(121, 8)
(8, 287)(1319, 690)(9, 1015)(1064, 8)
(9, 23)(832, 949)(808, 1421)(592, 2)
(7, 11)(1173, 464)(912, 829)(632, 3)
(2, 791)(2189, 1574)(631, 1686)(631, 0)
(8, 705)(1263, 126)(867, 1031)(675, 108)
(8, 121)(1375, 121)(224, 834)(615, 110)
(110, 2104)(1099, 7)(110, 2104)(1099, 7)
(1, 1632)(1568, 7)(791, 2002)(791, 0)
(2, 378)(1623, 711)(7, 1199)(712, 117)
(116, 384)(1504, 1868)(1504, 1868)(803, 6)
(119, 2184)(1687, 1761)(896, 2199)(896, 0)
(111, 234)(1536, 1397)(119, 1401)(119, 0)
(7, 1155)(1168, 464)(655, 1161)(952, 107)
(8, 608)(1537, 623)(619, 1224)(15, 120)
(8, 8)(1049, 472)(731, 894)(8, 8)
(1, 2424)(1121, 401)(1121, 2429)(1112, 4)
(0, 1192)(1096, 1192)(576, 1198)(363, 111)
(3, 1595)(1570, 967)(791, 2065)(791, 0)
(112, 1121)(936, 7)(144, 1417)(312, 2)
(2, 631)(1568, 7)(791, 2196)(791, 0)
(116, 2112)(1112, 1642)(117, 2114)(117, 0)
(2, 896)(2192, 119)(383, 1683)(407, 116)
(1, 471)(1075, 7)(847, 1284)(847, 0)
(2, 311)(1418, 144)(152, 941)(104, 117)
(2, 7)(1896, 2353)(1289, 2361)(528, 4)
(0, 475)(1073, 475)(416, 940)(264, 5)
(5, 440)(824, 280)(503, 1177)(823, 1)
(1, 1072)(1105, 8)(1096, 1086)(2, 7)
(0, 640)(1124, 640)(7, 1712)(600, 1)
(120, 13)(1224, 617)(611, 1528)(1216, 1)
(1, 1440)(1015, 1448)(1008, 1452)(1008, 0)
(5, 119)(1272, 127)(616, 999)(5, 119)
(0, 2152)(1920, 2152)(599, 2795)(599, 0)
(3, 119)(2193, 896)(989, 1686)(1288, 111)
(5, 119)(1577, 113)(6, 2533)(784, 111)
(5, 1621)(2202, 1616)(407, 2223)(1112, 1)
(0, 424)(913, 424)(9, 1295)(440, 111)
(0, 1728)(1381, 1728)(1368, 1737)(1368, 0)
(3, 979)(1329, 1536)(1329, 1536)(742, 120)
(3, 676)(1535, 13)(381, 2443)(381, 0)
(7, 440)(727, 969)(352, 1375)(357, 8)
(2, 119)(1999, 119)(1741, 1686)(792, 114)
(1, 887)(1268, 880)(617, 1824)(1256, 4)
(0, 662)(855, 662)(9, 936)(8, 15)
(0, 752)(1350, 752)(1337, 1536)(977, 112)
(2, 159)(1421, 648)(160, 829)(17, 8)
(1, 648)(1345, 656)(895, 1512)(977, 112)
(3, 12)(1079, 13)(247, 973)(247, 0)
(8, 8)(1031, 13)(488, 732)(8, 8)
(5, 975)(1632, 1160)(12, 1201)(712, 116)
(6, 1220)(1529, 111)(6, 1221)(612, 111)
(114, 7)(1536, 246)(1528, 2150)(712, 1)
(0, 1299)(1845, 1299)(904, 2912)(519, 119)
(120, 983)(1082, 454)(120, 983)(793, 8)
(2, 7)(1440, 0)(1440, 1528)(1440, 0)
(2, 752)(1400, 753)(1399, 2368)(8, 117)
(8, 15)(1063, 13)(800, 877)(378, 8)
(8, 1224)(1191, 8)(9, 1231)(953, 8)
(5, 269)(1144, 7)(502, 1168)(498, 7)
(1, 455)(1351, 1000)(7, 1432)(639, 21)
(9, 552)(952, 981)(952, 982)(632, 13)
(109, 1720)(1229, 1392)(117, 1734)(117, 0)
